name: MotionTrackingLowField
channels:
  - conda-forge
  - defaults
dependencies:
  - bzip2=1.0.8=hcfcfb64_5
  - ca-certificates=2024.2.2=h56e8100_0
  - debugpy=1.8.1=py39h99910a6_0
  - freeglut=3.2.2=h63175ca_2
  - freetype=2.12.1=hdaf720e_2
  - gettext=0.21.1=h5728263_0
  - glib=2.78.3=h12be248_0
  - glib-tools=2.78.3=h12be248_0
  - gst-plugins-base=1.22.9=h001b923_0
  - gstreamer=1.22.9=hb4038d2_0
  - icu=70.1=h0e60522_0
  - intel-openmp=2024.0.0=h57928b3_49841
  - jasper=2.0.33=hc2e4405_1
  - jpeg=9e=hcfcfb64_3
  - krb5=1.20.1=heb0366b_0
  - lerc=4.0.0=h63175ca_0
  - libblas=3.9.0=21_win64_mkl
  - libcblas=3.9.0=21_win64_mkl
  - libclang=15.0.7=default_hde6756a_4
  - libclang13=15.0.7=default_h85b4d89_4
  - libdeflate=1.14=hcfcfb64_0
  - libffi=3.4.2=h8ffe710_5
  - libglib=2.78.3=h16e383f_0
  - libhwloc=2.9.3=default_haede6df_1009
  - libiconv=1.17=hcfcfb64_2
  - liblapack=3.9.0=21_win64_mkl
  - liblapacke=3.9.0=21_win64_mkl
  - libogg=1.3.4=h8ffe710_1
  - libopencv=4.5.5=py39he11e404_13
  - libpng=1.6.39=h19919ed_0
  - libprotobuf=3.20.3=h12be248_0
  - libsqlite=3.44.2=hcfcfb64_0
  - libtiff=4.4.0=hc4f729c_5
  - libvorbis=1.3.7=h0e60522_0
  - libwebp-base=1.3.2=hcfcfb64_0
  - libxml2=2.12.4=hc3477c8_1
  - libzlib=1.2.13=hcfcfb64_5
  - mkl=2024.0.0=h66d3029_49657
  - numpy=1.26.3=py39hddb5d58_0
  - opencv=4.5.5=py39hcbf5309_13
  - openssl=3.2.1=hcfcfb64_0
  - pcre2=10.42=h17e33f8_0
  - pip=23.3.2=pyhd8ed1ab_0
  - pthreads-win32=2.9.1=hfa6e2cd_3
  - py-opencv=4.5.5=py39h832f523_13
  - python=3.9.18=h4de0772_1_cpython
  - python_abi=3.9=4_cp39
  - qt-main=5.15.8=h720456b_6
  - scipy=1.12.0=py39hddb5d58_2
  - setuptools=69.0.3=pyhd8ed1ab_0
  - tbb=2021.11.0=h91493d7_1
  - tk=8.6.13=h5226925_1
  - tzdata=2023d=h0c530f3_0
  - ucrt=10.0.22621.0=h57928b3_0
  - vc=14.3=hcf57466_18
  - vc14_runtime=14.38.33130=h82b7239_18
  - vs2015_runtime=14.38.33130=hcb4865c_18
  - wheel=0.42.0=pyhd8ed1ab_0
  - xz=5.2.6=h8d14728_0
  - zstd=1.5.5=h12be248_0
prefix: C:\Users\ppovolni\Anaconda3\envs\MotionTrackingLowField
